0,461
0,386
68,5
68,4
68,3
68,2
68,1
68,0
67,3
67,2
67,1
67,0
66,3
66,2
66,1
66,0
17,2
17,1
17,3
15,2
15,1
15,3
16,2
16,1
16,3
13,2
14,2
4,17
4,40
4,26
4,16
4,4
4,65
4,91
4,15
4,14
4,29
4,6
4,87
4,1
4,30
4,2
4,3
6,5
6,1
6,7
6,2
6,3
7,12
7,10
7,4
7,13
7,5
7,1
7,11
7,2
7,3
5,4
5,2
5,1
5,3
62,35
65,5
65,4
65,3
65,2
65,1
65,0
64,3
64,2
64,1
64,0
63,3
63,2
63,1
63,0
60,2
60,0
59,2
59,0
0,278
61,5
61,4
61,2
61,0
60,1
60,3
59,1
59,3
61,1
61,3
10,293
10,269
10,215
10,11
10,272
10,224
10,16
10,307
11,8
11,4
11,24
11,29
11,13
9,5
8,14
8,16
8,6
8,12
50,2
